224,189,156,
70,45,30,
255,105,180,
238,210,182,
50,32,22,
100,70,70,
30,144,255,
40,40,40,
235,205,175,
243,204,173,
80,80,80,
60,200,255,
70,70,70,
200,200,200,
25,25,25,
100,100,100,
220,195,170,
255,140,200,
60,60,60,
40,40,40,
150,100,40,
139,69,19,
200,150,200,
255,105,180,
90,90,90,
180,180,180,
100,150,200,
80,80,80,
70,70,70,
190,190,190,
60,60,60,
100,100,100,
243,204,173,
50,50,50,
70,32,22,
200,150,200,
235,205,175,
238,210,182,
40,40,40,
80,80,80,
224,189,156,
255,144,200,
30,144,255,
60,200,255,
220,195,170,
200,200,200,
150,100,40,
25,25,25,
90,90,90,
80,80,80,
139,69,19,
100,100,100,
243,204,173,
40,40,40,
224,189,156, 30,144,255, 25,25,25, 40,40,40, 50,32,22,
243,204,173, 139,69,19, 255,105,180, 70,70,70, 0,0,0,
235,205,175, 70,45,30, 60,200,255, 80,80,80, 40,40,40,
238,210,182, 150,100,40, 255,140,200, 100,100,100, 50,50,50,
215,185,160, 180,180,180, 100,150,200, 60,60,60, 30,30,30,
220,195,170, 200,200,200, 200,150,200, 70,70,70, 40,40,40,
190,190,190, 80,80,80, 100,100,100, 90,90,90, 60,60,60,
224,189,156, 50,32,22, 30,144,255, 40,40,40, 25,25,25,
243,204,173, 139,69,19, 255,105,180, 70,70,70, 0,0,0,
235,205,175, 70,45,30, 60,200,255, 80,80,80, 40,40,40,
238,210,182, 150,100,40, 255,140,200, 100,100,100, 50,50,50,
215,185,160, 180,180,180, 100,150,200, 60,60,60, 30,30,30,
220,195,170, 200,200,200, 200,150,200, 70,70,70, 40,40,40,
190,190,190, 80,80,80, 100,100,100, 90,90,90, 60,60,60,
224,189,156, 30,144,255, 25,25,25, 40,40,40, 50,32,22,
243,204,173, 139,69,19, 255,105,180, 70,70,70, 0,0,0,
235,205,175, 70,45,30, 60,200,255, 80,80,80, 40,40,40,
238,210,182, 150,100,40, 255,140,200, 100,100,100, 50,50,50,
215,185,160, 180,180,180, 100,150,200, 60,60,60, 30,30,30,
220,195,170, 200,200,200, 200,150,200, 70,70,70, 40,40,40,
190,190,190, 80,80,80, 100,100,100, 90,90,90, 60,60,60,
